1111110111. ET PROL. EXPL.

1111111 11 men 11111111 desinentia palla 134.
74711. 1111111111 lam 328.
nominativus 111 11111111 345. 1111111259.
111111 11111 56. 374. 1111111124.
1111111 11111 377. 1111111111 367.
11111111111 43. 1111111 56.
11111 numina 265. palus 454.
Novam 442. 11111111 387.
1111111111 1111111111 66. 111111 243. - 111111 [1111111243.
11111111 397. 11116111 195.
1111111 iaculorum 178. 1111111111 xvm.
undaro 11111111 395. parem 11111 Poeni 344. -1111111
11111111· 16. 218.
Numa 111 221. 11111 274.
1111111111 1111111111 19. - 1111111111 11111 1111111 43. 113.
265· 1111111 1111111 395. - 1111124. -
1111111111 441. -111111111 11111111 171. 1111111 372. - 11111 1111111111 11-
1111111354.
⁰⁸ 151111151111111
11111111265.11111111111261111111111111
1111111111 11111111 34. 111 69. - 111111 1111111117 3
1111111111 111111111 58. 111111 344. -1111111 1111111218.
1111111111· 325. 111111 1111111111 ΙΙ sq.
Octavianus 611111272. 111111111 36
11111· 462. - 1111111 11 1111111111 5111111111111111 84.
11111114. 11111111 1111111111 331.-1-111.
odom 1111111 337. 1111111111· 362.
oleum 145. 1111111111 241.
11111461. Paulus 342 453.
1111 XVH. 11111111 76.
6111111111 241.1111111111 11111111 48.
11111 prudentii V 1111111111 1111111111 436.
11111111362.111111 lymphaticum 55.
611 245. pedestre 1111111111 486.
1111111111 11111 Ammonis 162. Petusium 29.
orarium 366. 11111111 11111111 251.
111111376. 1111111111111111415. - 111· 1111·
111111111111172. 111136.
organa 89. 1111111111 xvn.
11111 316. perfidiae 1111111 444.
11111111 141. ger-flamm 1111111111 376.
611111 161. 1111111111111 111111ΧΙΙΙ.
1111111456. Pontem 11511 72.
1111511111111111111 11111346. 1111111111 445.
11111 443. 448. 11111 27.
Ρ111117. 243. 453.
1²· 111111..
11111111 11111· 315. 21111111111111 262.
11111111 18911111111111 122.
1111111237463. -11111111111169 Pharos 36.
pagina 385 11111111 368.
11111237. 245.463.Ρ1111111462.
1111111111 346. 15111111312.
1111111 282. 111111111111111 11 111 1111111111 92.
1111111111 11111 225. 1111111111 22.

34*

 

